1 0.09329999999999999 -0.1616 0
2 0.9067 -0.1616 0
3 1.0933 0.1616 0
4 0.6866 0.866 0
5 1.0933 1.5705 0
6 0.9067 1.8937 0
7 0.09329999999999999 1.8937 0
8 -0.09329999999999999 1.5705 0
9 0.3134 0.866 0
10 -0.09329999999999999 0.1616 0
11 0.0125 -0.0217 0
12 0.09329999999999999 0 0
13 0.9067 0 0
14 0.9875 -0.0217 0
15 1.0125 0.0217 0
16 0.9534 0.0808 0
17 0.5466 0.7852 0
18 0.5466 0.9468 0
19 0.9534 1.6513 0
20 1.0125 1.7104 0
21 0.9875 1.7538 0
22 0.9067 1.7321 0
23 0.09329999999999999 1.7321 0
24 0.0125 1.7538 0
25 -0.0125 1.7104 0
26 0.0466 1.6513 0
27 0.4534 0.9468 0
28 0.4534 0.7852 0
29 0.0466 0.0808 0
30 -0.0125 0.0217 0
31 0.5 1.4434 0
32 0.7 1.4434 0
33 0.5 1.6434 0
34 0.3 1.4434 0
35 0.5 1.2434 0
36 0.03145760938052124 -0.0123479691177778 0
37 0.05147398017104216 -0.005551180506651571 0
38 0.07220642573302051 -0.001425997350870262 0
39 0.2288666666662637 0 0
40 0.3644333333325991 0 0
41 0.4999999999990155 0 0
42 0.6355666666658006 0 0
43 0.7711333333333537 0 0
44 0.9277991942904726 -0.00138332171620556 0
45 0.9485371636591782 -0.00550960395669714 0
46 0.9685588674711749 -0.01230820345650735 0
47 0.9937500000000293 -0.0108499999999491 0
48 0.9999999999999771 -3.968353423644544e-14 0
49 1.006249999999988 0.01084999999997989 0
50 0.9949404984933936 0.03343581442785235 0
51 0.9790619809347337 0.04736198093434973 0
52 0.9651358144279988 0.06324049849320278 0
53 0.8856000000001861 0.1981999999996778 0
54 0.8178000000003476 0.3155999999993983 0
55 0.7500000000005787 0.432999999998998 0
56 0.6822000000004054 0.5503999999992981 0
57 0.6144000000002263 0.6677999999996083 0
58 0.530461058367866 0.8241757139212509 0
59 0.5249564415140523 0.8659999999998608 0
60 0.5304610583678464 0.9078242860786762 0
61 0.6144000000000551 1.064216666666762 0
62 0.682199999999707 1.181633333332826 0
63 0.7499999999995012 1.299049999999136 0
64 0.8177999999996406 1.416466666666044 0
65 0.8855999999998425 1.533883333333061 0
66 0.9651358144278326 1.668859501506581 0
67 0.9790619809345862 1.684738019065503 0
68 0.9949404984932886 1.698664185572067 0
69 1.00625 1.72125 0
70 1 1.7321 0
71 0.9937499999999589 1.742950000000071 0
72 0.9685423906195874 1.744447969117823 0
73 0.9485260198291322 1.737651180506698 0
74 0.9277935742671725 1.733525997350896 0
75 0.771133333333525 1.7321 0
76 0.6355666666673894 1.7321 0
77 0.5000000000010265 1.7321 0
78 0.3644333333340921 1.7321 0
79 0.2288666666670807 1.7321 0
80 0.07220080570957213 1.7334833217162 0
81 0.05146283634067326 1.737609603956737 0
82 0.0314411325291316 1.74440820345638 0
83 0.00624999999989731 1.742949999999822 0
84 8.281569874313277e-15 1.732100000000014 0
85 -0.006249999999883332 1.721250000000203 0
86 0.00505950150656477 1.698664185572179 0
87 0.02093801906564735 1.684738019065269 0
88 0.0348641855722534 1.668859501506468 0
89 0.1143999999998226 1.533883333333641 0
90 0.1821999999996624 1.416466666667251 0
91 0.2499999999994733 1.299050000000912 0
92 0.3177999999996587 1.181633333333924 0
93 0.3855999999999129 1.064216666666818 0
94 0.4695389416321711 0.9078242860786105 0
95 0.4750435584859478 0.8660000000001402 0
96 0.4695389416321663 0.8241757139213713 0
97 0.3856000000002142 0.6678000000003708 0
98 0.3178000000003798 0.5504000000006577 0
99 0.2500000000005777 0.4330000000010002 0
100 0.1822000000004121 0.3156000000007135 0
101 0.1144000000002209 0.1982000000003825 0
102 0.03486418557221624 0.063240498493483 0
103 0.02093801906551644 0.04736198093459994 0
104 0.005059501506564423 0.03343581442782015 0
105 -0.006250000000015401 0.01085000000002674 0
106 -3.11296127764038e-14 5.40401057236295e-14 0
107 0.00624999999998439 -0.0108499999999729 0
108 0.6847759065023231 1.519936686472859 0
109 0.6414213562375473 1.584821356237072 0
110 0.57653668647282 1.628175906502339 0
111 0.4234633135269252 1.628175906502234 0
112 0.3585786437627213 1.58482135623734 0
113 0.3152240934977592 1.519936686473058 0
114 0.3152240934976044 1.366863313527316 0
115 0.3585786437623636 1.301978643763017 0
116 0.4234633135266733 1.258624093497871 0
117 0.5765366864729419 1.258624093497711 0
118 0.641421356237242 1.301978643762623 0
119 0.6847759065021708 1.366863313526773 0
120 0.7683157271796861 1.607398172311178 0
121 0.2430030027242801 1.646769738240411 0
122 0.2857005404310287 0.1742007423503547 0
123 0.7896375755038689 0.1191631799343793 0
124 0.8592672152039633 1.630854040110591 0
125 0.1619584152685812 1.658179015597802 0
126 0.5110292160003097 0.2868383709224422 0
127 0.5502134259085957 0.5446399383336118 0
128 0.9473008942855312 1.700456801808373 0
129 0.05433263754630141 1.701684210373981 0
130 0.761140011568887 1.506241486041054 0
131 0.8414212495858178 1.546374787183028 0
132 0.8821322008414521 1.605028220421478 0
133 0.2321073773504389 1.526016587779943 0
134 0.1851145310660267 1.531396987432617 0
135 0.1541280756959683 1.605894951158205 0
136 0.5052308499901685 0.9536129723497169 0
137 0.0309965553752978 0.02640329231318034 0
138 0.9779074605071334 1.719244490535836 0
139 0.02218011995719995 1.719341121662307 0
140 0.9768805801108089 0.01617276917761976 0
141 0.7258739213623439 1.34911205617636 0
142 0.4831425661645195 1.040422418379437 0
143 0.08836669802995409 1.685102848323838 0
144 0.4371328656581488 1.14924667746052 0
145 0.5482153806783112 1.105169129153226 0
146 0.3213968413496099 1.646893362797723 0
147 0.2448587384401423 1.687099198011727 0
148 0.7229057859399974 1.628392729313429 0
149 0.7444689813894533 1.667489628303156 0
150 0.9170567298525763 1.679640221648313 0
151 0.8099322780665799 1.572488294639635 0
152 0.2459007233777241 1.587531978147785 0
153 0.8201953975194788 1.662703294476317 0
154 0.1732276168611186 1.691743319525835 0
155 0.7277535477835155 1.565418424143555 0
156 0.6032394736923927 1.143648942132196 0
157 0.5465404061665349 1.029034233950934 0
158 0.1777989978257933 0.1272077552819521 0
159 0.2426573691848245 0.2532791203690273 0
160 0.7577247352328628 1.380284968405295 0
161 0.7037225386662103 1.271719545405632 0
162 0.02330365300132825 0.03665669519513286 0
163 0.04311581507684914 0.04507556777650663 0
164 0.04240694394135489 0.0113073087172528 0
165 0.09652010859938881 0.0419892586819845 0
166 0.06356232333765333 0.02423653445621842 0
167 0.3250016832348401 0.08805947043987709 0
168 0.5692392167681056 0.139677253180649 0
169 0.392442804069994 0.2278440668092444 0
170 0.4471534636512983 0.1141518309292828 0
171 0.4023515815356562 0.4268509672875576 0
172 0.3223378011056109 0.3348766631587811 0
173 0.5286801163422393 0.4251262720562486 0
174 0.5039325114792764 0.6317233499744441 0
175 0.4553336585290513 0.5381098369661198 0
176 0.6073242656485932 0.5457963288740869 0
177 0.685258354186947 0.307006098333343 0
178 0.6399255980324109 0.4261831777691353 0
179 0.01612692197272584 0.01247504341177696 0
180 0.02406036882364659 0.0001460957528197642 0
181 0.9671668688042531 1.725437180805109 0
182 0.9884843759677775 1.725404377197131 0
183 0.9794144329458216 1.734611432912894 0
184 0.01154717173516598 1.725451884815956 0
185 0.0329661214950541 1.725575958201992 0
186 0.02061644883913796 1.734643830712641 0
187 0.9873496937764559 0.008871205940786631 0
188 0.9664568062615586 0.01157247139881977 0
189 0.9789145106627047 -0.0009795227313597313 0
190 0.009477685693398149 0.02334915596580995 0
191 0.9779308816550809 1.706779809061766 0
192 0.9919073053873913 1.712942232721691 0
193 0.02220628819292233 1.706932554096653 0
194 0.008129043966752294 1.712988700482369 0
195 0.9772655085428113 0.03029256312403838 0
196 0.9915496877153052 0.02090749891626179 0
197 0.7165375746309892 1.387302837489895 0
198 0.6532850888570164 1.251252386443604 0
199 0.6942492225841905 1.319291429466203 0
200 0.9468847410458987 1.71482826794848 0
201 0.9593884763152737 1.693787951906913 0
202 0.9628442016481367 1.710219527436784 0
203 0.04154847349433651 1.694467554572366 0
204 0.05384675533025782 1.715763428321449 0
205 0.03759765851542819 1.710690606710488 0
206 0.379073186215756 1.162577386452103 0
207 0.4577743577210032 1.184441374370783 0
208 0.3381893218810111 1.241805988548471 0
209 0.3997723093703282 1.211749157326325 0
210 0.53254083071439 1.171678576565886 0
211 0.5914005199341852 1.206300999659849 0
212 0.2020938393036109 1.650666167513676 0
213 0.245394824081727 1.670332900680608 0
214 0.210679611720116 1.69026355540956 0
215 0.1683706725442785 1.677112542683684 0
216 0.2063438710844836 1.672198947162371 0
217 0.2997544998073751 1.584413130169343 0
218 0.2394479809388604 1.552604854776015 0
219 0.2660536886752195 1.484708293889971 0
220 0.2796196722436409 1.535641563152208 0
221 0.7313333530095794 1.476873768576714 0
222 0.7419505136658156 1.540891201564161 0
223 0.6866090563501897 1.573841545671487 0
224 0.7117792899753681 1.527914136262006 0
225 0.4933173498255241 0.9191314800272616 0
226 0.4964052131632666 0.9925679699766263 0
227 0.4666405049809725 0.9961558901584171 0
228 0.4821570455764398 0.9519746734454671 0
229 0.7763458315087244 1.668300583986322 0
230 0.7293559073491067 1.648814793292681 0
231 0.7422696123529924 1.619250549119367 0
232 0.7924690027795484 1.633900140614762 0
233 0.7609110661712961 1.642840477168644 0
234 0.2783512758977783 1.7005439259741 0
235 0.2851083622207289 1.646723046828422 0
236 0.3398050981059039 1.676716571450195 0
237 0.2873482322300927 1.674379228992903 0
238 0.06776549019614023 1.694818444513184 0
239 0.09215885398401631 1.707857023653925 0
240 0.07157452708004382 1.71298144335697 0
241 0.9104151702303145 1.704644768115471 0
242 0.9356802514226994 1.692801752697608 0
243 0.9300629767267699 1.711395667728743 0
244 0.5260961111938713 0.9495838544531494 0
245 0.5 0.8660000000000006 0
246 0.5123228318953159 0.9101574002133047 0
247 0.9337651702303146 1.664244768115471 0
248 0.9483843492209276 1.679782963594749 0
249 0.0704511206410173 1.667155499840221 0
250 0.05366424579405046 1.681267293715052 0
251 0.7837076041075867 1.467055945862763 0
252 0.7473258167452545 1.427879380083667 0
253 0.8884007944850774 1.656898311322076 0
254 0.8723985200456904 1.616050253032326 0
255 0.9052033960801351 1.615582593184571 0
256 0.8999419702103043 1.638193981413611 0
257 0.09513668472685563 1.627237213781144 0
258 0.1563521514817923 1.634460132003866 0
259 0.1230913272986425 1.670580425288019 0
260 0.1095447540613613 1.649295663417276 0
261 0.6900178240284214 1.699794814151578 0
262 0.6263587044412308 1.662813962051723 0
263 0.6910768685601112 1.616356965006686 0
264 0.6846855704691396 1.656478116505312 0
265 0.4464148381179338 1.678755979938042 0
266 0.3395246934888285 1.616956704618435 0
267 0.3859774647632142 1.653212121037331 0
268 0.7903312557049385 1.590835589528953 0
269 0.8332045718539084 1.602349751133282 0
270 0.8425584113046768 1.647462643104883 0
271 0.8147264749453402 1.618705909524681 0
272 0.2008941896814261 1.594600921346886 0
273 0.164393950259869 1.567285707497452 0
274 0.2096428390447274 1.526545398827765 0
275 0.2030639495789356 1.560374910204252 0
276 0.7456436787133749 1.584030613519528 0
277 0.786835496239324 1.539968694057161 0
278 0.7667254538132045 1.563967964403618 0
279 0.8615932794925714 1.57399807513925 0
280 0.8275429206794908 1.555635742016024 0
281 0.8488160070599107 1.587243725856615 0
282 0.2442641970298681 1.61855261302652 0
283 0.2009010943741743 1.624569958472737 0
284 0.8636713504010825 1.699793220192849 0
285 0.8760144109654049 1.677563088995862 0
286 0.1478390116414801 1.708330980327947 0
287 0.1326664933637058 1.691037992625035 0
288 0.2916325083883581 1.616630983352841 0
289 0.7165952235673336 1.598299269430804 0
290 0.8245211572641902 0.06779961422243888 0
291 0.6918335693929666 0.1772459939865181 0
292 0.7141818191896538 0.0961807153474015 0
293 0.851202861813257 0.1136406082355739 0
294 0.7770631101883212 0.1991018166391617 0
295 0.5109559393819212 1.07293490835144 0
296 0.5201548536288293 1.011435466861389 0
297 0.835071894641006 1.50958720445424 0
298 0.8724062812512505 1.558158256302368 0
299 0.775653601478961 1.699972909902789 0
300 0.2166310011021104 1.708183964932317 0
301 0.1836572655328445 1.473931827049934 0
302 0.1393969751298478 1.550584520415543 0
303 0.4585226430997866 1.100065698716329 0
304 0.4233664789348512 1.078662967355413 0
305 0.5382683432369233 1.68013795325117 0
306 0.1994859438619372 0.06379518446460657 0
307 0.9371698840596194 0.04186807209785593 0
308 0.8851732743568848 0.05548124320991578 0
309 0.9615070033229969 0.03674340127847921 0
310 0.5 0.7852 0
311 0.5566368313807657 0.6585405647994 0
312 0.8084232433988253 1.517561866452859 0
313 0.2476106941969772 1.418700113475827 0
314 0.2263601052268894 1.476616924660559 0
315 0.4903184505544883 1.132021685395261 0
316 0.5000000000000161 0.8241757139213111 0
317 0.2851632288364007 1.33298964598196 0
318 0.5908117746936809 1.07968457255852 0
319 0.1779139766502852 0.1926567673813255 0
320 0.7375812473310728 1.317316746404323 0
321 0.03349855991745676 0.04850603726022873 0